	A B C D E
	1 1 0 0 0
	1 0 1 0 0
	1 0 0 1 0
	1 0 0 0 1
	0 1 1 0 0
	0 1 0 1 0
	0 1 0 0 1
	0 0 1 1 0
	0 0 1 0 1
	0 0 0 1 1
	
	5 4 3 2 1 0
	F E D C B A    i[2] i[1] i[0]
 0	1 1 1 0 0 0    5    4    3
 1	1 1 0 1 0 0    5    4    2
 2	1 1 0 0 1 0    5    4    1
 3	1 1 0 0 0 1    5    4    0
 4	1 0 1 1 0 0    5    3    2
 5	1 0 1 0 1 0    5    3    1
 6	1 0 1 0 0 1    5    3    0
 7	1 0 0 1 1 0    5    2    1
 8	1 0 0 1 0 1    5    2    0
 9	1 0 0 0 1 1    5    1    0
10	0 1 1 1 0 0    4    3    2
11	0 1 1 0 1 0    4    3    1
12	0 1 1 0 0 1    4    3    0
13	0 1 0 1 1 0    4    2    1
14	0 1 0 1 0 1    4    2    0
15	0 1 0 0 1 1    4    1    0
16	0 0 1 1 1 0    3    2    1
17	0 0 1 1 0 1    3    2    0
18	0 0 1 0 1 1    3    1    0
19	0 0 0 1 1 1    2    1    0
	
	
	N = 10						K = 3
	A B C E D F G H I J	i2	i1	i0
0	1 1 1 0 0 0 0 0 0 0 9	8	7
1	1 1 0 1 0 0 0 0 0 0			6
2	1 1 0 0 1 0 0 0 0 0			5
3	1 1 0 0 0 1 0 0 0 0			4
4	1 1 0 0 0 0 1 0 0 0			3
5	1 1 0 0 0 0 0 1 0 0			2
6	1 1 0 0 0 0 0 0 1 0			1
7	1 1 0 0 0 0 0 0 0 1			0
8	1 0 1 1 0 0 0 0 0 0		7	6
9	1 0 1 0 1 0 0 0 0 0			5
10	1 0 1 0 0 1 0 0 0 0			4
11	1 0 1 0 0 0 1 0 0 0			3
12	1 0 1 0 0 0 0 1 0 0			2
13	1 0 1 0 0 0 0 0 1 0			1
14	1 0 1 0 0 0 0 0 0 1			0
15	1 0 0 1 1 0 0 0 0 0		6	5
16	1 0 0 1 0 1 0 0 0 0			4
17	1 0 0 1 0 0 1 0 0 0			3
18	1 0 0 1 0 0 0 1 0 0			2
19	1 0 0 1 0 0 0 0 1 0			1
20	1 0 0 1 0 0 0 0 0 1			0
21	1 0 0 0 1 1 0 0 0 0		5	4
22	1 0 0 0 1 0 1 0 0 0			3
23	1 0 0 0 1 0 0 1 0 0			2
24	1 0 0 0 1 0 0 0 1 0			1
25	1 0 0 0 1 0 0 0 0 1			0
26	1 0 0 0 0 1 1 0 0 0		4	3
27	1 0 0 0 0 1 0 1 0 0			2
28	1 0 0 0 0 1 0 0 1 0			1
29	1 0 0 0 0 1 0 0 0 1			0
30	1 0 0 0 0 0 1 1 0 0		3	2
31	1 0 0 0 0 0 1 0 1 0			1
32	1 0 0 0 0 0 1 0 0 1			0
	1 0 0 0 0 0 0 1 1 0		2	1
	1 0 0 0 0 0 0 1 0 1			0
	1 0 0 0 0 0 0 0 1 1		1	0
33	0 1 1 1 0 0 0 0 0 0	8	7	6
34	0 1 1 0 1 0 0 0 0 0			5
35	0 1 1 0 0 1 0 0 0 0			4
36	0 1 1 0 0 0 1 0 0 0			3
37	0 1 1 0 0 0 0 1 0 0			2
38	0 1 1 0 0 0 0 0 1 0			1
39	0 1 1 0 0 0 0 0 0 1			0
40	0 1 0 1 1 0 0 0 0 0		6	5
41	0 1 0 1 0 1 0 0 0 0			4
42	0 1 0 1 0 0 1 0 0 0			3
43	0 1 0 1 0 0 0 1 0 0			2
44	0 1 0 1 0 0 0 0 1 0			1
45	0 1 0 1 0 0 0 0 0 1			0
46	0 1 0 0 1 1 0 0 0 0		5	4
47	0 1 0 0 1 0 1 0 0 0			3
48	0 1 0 0 1 0 0 1 0 0			2
49	0 1 0 0 1 0 0 0 1 0			1
50	0 1 0 0 1 0 0 0 0 1			0
51	0 1 0 0 0 1 1 0 0 0		4	
52	0 1 0 0 0 1 0 1 0 0
53	0 1 0 0 0 1 0 0 1 0
54	0 1 0 0 0 1 0 0 0 1
55	0 1 0 0 0 0 1 1 0 0
56	0 1 0 0 0 0 1 0 1 0
57	0 1 0 0 0 0 1 0 0 1
58	0 1 0 0 0 0 0 1 1 0
	0 1 0 0 0 0 0 1 0 1
59	0 1 0 0 0 0 0 0 1 1
60	0 0 1 1 1 0 0 0 0 0
61	0 0 1 1 0 1 0 0 0 0
62	0 0 1 1 0 0 1 0 0 0
63	0 0 1 1 0 0 0 1 0 0
64	0 0 1 1 0 0 0 0 1 0
65	0 0 1 1 0 0 0 0 0 1
66	0 0 1 0 1 1 0 0 0 0
67	0 0 1 0 1 0 1 0 0 0
68	0 0 1 0 1 0 0 1 0 0
69	0 0 1 0 1 0 0 0 1 0
70	0 0 1 0 1 0 0 0 0 1
71	0 0 1 0 0 1 1 0 0 0
72	0 0 1 0 0 1 0 1 0 0
73	0 0 1 0 0 1 0 0 1 0
74	0 0 1 0 0 1 0 0 0 1
75	0 0 1 0 0 0 1 1 0 0
76	0 0 1 0 0 0 1 0 1 0
77	0 0 1 0 0 0 1 0 0 1
78	0 0 1 0 0 0 0 1 1 0
79	0 0 1 0 0 0 0 1 0 1
80	0 0 1 0 0 0 0 0 1 1
81	0 0 0 1 1 1 0 0 0 0
82	0 0 0 1 1 0 1 0 0 0
83	0 0 0 1 1 0 0 1 0 0
84	0 0 0 1 1 0 0 0 1 0
85	0 0 0 1 1 0 0 0 0 1
86	0 0 0 1 0 1 1 0 0 0
87	0 0 0 1 0 1 0 1 0 0
88	0 0 0 1 0 1 0 0 1 0
89	0 0 0 1 0 1 0 0 0 1
90	0 0 0 1 0 0 1 1 0 0
91	0 0 0 1 0 0 1 0 1 0
92	0 0 0 1 0 0 1 0 0 1
93	0 0 0 1 0 0 0 1 1 0
94	0 0 0 1 0 0 0 1 0 1
95	0 0 0 1 0 0 0 0 1 1
96	0 0 0 0 1 1 1 0 0 0
97	0 0 0 0 1 1 0 1 0 0
98	0 0 0 0 1 1 0 0 1 0
99	0 0 0 0 1 1 0 0 0 1
100	0 0 0 0 1 0 1 1 0 0
101	0 0 0 0 1 0 1 0 1 0
102	0 0 0 0 1 0 1 0 0 1
103	0 0 0 0 1 0 0 1 1 0
104	0 0 0 0 1 0 0 1 0 1
105	0 0 0 0 1 0 0 0 1 1
106	0 0 0 0 0 1 1 1 0 0
107	0 0 0 0 0 1 1 0 1 0
108	0 0 0 0 0 1 1 0 0 1
109	0 0 0 0 0 1 0 1 1 0
110	0 0 0 0 0 1 0 1 0 1
111	0 0 0 0 0 1 0 0 1 1
112	0 0 0 0 0 0 1 1 1 0
113	0 0 0 0 0 0 1 1 0 1
114	0 0 0 0 0 0 1 0 1 1
115	0 0 0 0 0 0 0 1 1 1

boolean[] mask = new boolean[N];

